		12				
						
						
4						
0	1624.275	674.425	0	0	573.725	317.475
1	1541.5	650.3	0	0	562.775	295.175
2	1494.575	631.275	0	0	543.35	293.525
3	1466.3	627.1	0	0	518.3	295.275
4	1457.3	626.925	0	0	489.825	295.175
5	1476.65	626.825	0	0	456.875	295.15
6	1588.575	626.675	0	0	418.45	323.7
7	1737.375	626.6	0	5.55	378.3	382.55
8	1942.425	1063.675	0	41.675	336.175	498.45
9	2114.225	1328.225	0	108.875	283.6	623.275
10	2156.1	1325.775	0	172.025	272.825	659.1
11	2139.8	1289.775	0	219.475	279	614.475
12	1946.45	960.75	0	251.2	285.05	419.225
13	1865.1	939.65	0	260.175	294.25	404.5
14	1872.325	1177.05	0	245.725	315.875	467.1
15	1902.85	1229.95	0	213.575	349.125	518.775
16	1994.95	1230.175	0	163.3	382.4	568.55
17	2113.725	1117.7	0	98.55	414.525	633.125
18	2102.175	1117.875	0	33.2	439.675	647.95
19	2129.575	1123.725	0	2.525	465.775	627.3
20	2131.65	973.975	0	0	491.725	558.55
21	2104.1	830.825	0	0	498.275	534.4
22	1977.025	779.125	0	0	497.3	488.325
23	1797.3	729.95	0	0	495.125	419
						
						
8						
0	1338.725	507.975	0	0	573.725	317.475
1	1273.7	412.425	0	0	562.775	295.175
2	1244.625	354.8	0	0	543.35	293.525
3	1224.225	351.95	0	0	518.3	295.275
4	1216.375	351.625	0	0	489.825	295.175
5	1221.725	351.475	0	0	456.875	295.15
6	1261.325	351.375	0	0	418.45	323.7
7	1366.05	351.275	0	5.55	378.3	382.55
8	1580.2	513.475	0	41.675	336.175	498.45
9	1739.5	793.475	0	108.875	283.6	623.275
10	1829.1	833.55	0	172.025	272.825	659.1
11	1863.075	790.875	0	219.475	279	614.475
12	1685.725	578.575	0	251.2	285.05	419.225
13	1578.575	571.775	0	260.175	294.25	404.5
14	1568.55	719.675	0	245.725	315.875	467.1
15	1592.675	882.325	0	213.575	349.125	518.775
16	1667.6	982.925	0	163.3	382.4	568.55
17	1847.7	1002.725	0	98.55	414.525	633.125
18	1821.45	991.6	0	33.2	439.675	647.95
19	1772.275	990.95	0	2.525	465.775	627.3
20	1765.35	989.475	0	0	491.725	558.55
21	1721.575	978.525	0	0	498.275	534.4
22	1617.875	838.975	0	0	497.3	488.325
23	1482.35	639.125	0	0	495.125	419
						
						
13						
0	1574.875	620.775	0	0	573.725	317.475
1	1515.075	529.65	0	0	562.775	295.175
2	1479.525	496.1	0	0	543.35	293.525
3	1458.375	495.475	0	0	518.3	295.275
4	1446.275	494.95	0	0	489.825	295.175
5	1460.575	494.375	0	0	456.875	295.15
6	1527.75	493.8	0	0	418.45	323.7
7	1703.975	547.15	0	5.55	378.3	382.55
8	1880.125	983.025	0	41.675	336.175	498.45
9	2000.575	1283.95	0	108.875	283.6	623.275
10	2068.8	1305.775	0	172.025	272.825	659.1
11	2080.675	1271.225	0	219.475	279	614.475
12	1868.8	964.7	0	251.2	285.05	419.225
13	1810.275	944.375	0	260.175	294.25	404.5
14	1835	1087.75	0	245.725	315.875	467.1
15	1867.125	1288.825	0	213.575	349.125	518.775
16	1934.95	1314.575	0	163.3	382.4	568.55
17	2065.575	1315.475	0	98.55	414.525	633.125
18	2030.925	1305.475	0	33.2	439.675	647.95
19	1977.925	1301.725	0	2.525	465.775	627.3
20	1974.075	1264.125	0	0	491.725	558.55
21	1907.525	1138.175	0	0	498.275	534.4
22	1792.125	995.7	0	0	497.3	488.325
23	1669.475	807.5	0	0	495.125	419
						
						
17						
0	1517	487.4	0	0	209.775	524.7
1	1469.15	462.6	0	0	214.225	451.525
2	1437.425	450.3	0	0	213.15	439.8
3	1418.5	450.625	0	0	207.55	440.975
4	1410.8	449.975	0	0	200.6	441.15
5	1423.6	450.025	0	0	192.9	442.425
6	1546.175	451.375	0	0.025	184.425	527.25
7	1692.725	469.95	0	5.775	169.325	594.175
8	1825.425	707.4	0	30.975	149.1	643.025
9	1959.125	816.875	0	70.6	137.675	675.975
10	2029.55	825.225	0	111	138.275	720.575
11	2044.425	795.2	0	139.675	145.875	715.725
12	1841.275	594.625	0	163.7	155.525	612.875
13	1767.075	647.275	0	177.025	165.275	570.325
14	1782.725	766.9	0	160.175	176.9	580.95
15	1825.9	835.25	0	135.25	191.725	603.925
16	1913.775	832.875	0	104.75	207.5	649.3
17	2038.925	822.9	0	62.15	221.575	717.9
18	1978.45	778.8	0	23.825	233.35	723.05
19	1925.825	741.7	0	2.6	248.85	701.55
20	1976.1	671.075	0	0	273.275	667.525
21	1907.625	561.75	0	0	293.725	577.425
22	1797.375	441.2	0	0	306.65	494.7
23	1670.175	397.3	0	0	318.075	463.15
						
21						
0	1464.5	1489.95	0	0	141.25	851.925
1	1415.4	1419	0	0	148	855.175
2	1388.125	1388.6	0	0	155.275	854.175
3	1360.6	1386.475	0	0	161.125	848.925
4	1362.65	1388.575	0	0	163.375	844.475
5	1398.175	1385.575	0	0	163.725	843.95
6	1531.775	1384.55	0	0.25	159.25	874.45
7	1664.825	1414.85	0	4.925	146.2	966.625
8	1808.25	1905.4	0	20.575	126.425	1134.1
9	1927.575	2193.025	0	41.025	114.725	1220.025
10	1998.4	2181.3	0	60.275	114.35	1242.825
11	2003.3	2091.025	0	76.35	121.975	1214.475
12	1798	1673.125	0	87.5	126.825	1043.425
13	1739.55	1756.05	0	93.9	131.125	1000.425
14	1771.75	2128.775	0	84.675	136.3	1010.65
15	1814.4	2179.8	0	71.225	143.575	1066.4
16	1887.95	2179.25	0	54.1	149.875	1171.2
17	2020.775	2169.125	0	35.4	154.925	1209.825
18	1960.075	2106.15	0	15.375	157.725	1196.125
19	1885.525	2093.3	0	3.05	166.325	1199.375
20	1905.225	1999.375	0	0.025	184.95	1178.15
21	1848.075	1872.875	0	0	203.4	1093.3
22	1700.075	1723.925	0	0	215.575	1014.675
23	1562.9	1614.3	0	0	224	934.475
						
26						
0	1711.8	2877.45	0	0	313.95	1548.275
1	1657.575	2859.65	0	0	313.7	1548.15
2	1627.325	2819.075	0	0	307.775	1543.175
3	1603.85	2775.725	0	0	294.825	1527.25
4	1591.65	2775.325	0	0	278.6	1525.225
5	1611.05	2752.075	0	0	260.175	1525.025
6	1744.825	2645.825	0	0.375	240.125	1530
7	1859.15	2613.425	0	9.525	206.025	1547.9
8	1986	2611.45	0	39.45	160.55	1571.9
9	2107.025	2651.975	0	81.475	128.15	1606.8
10	2191.05	2660.925	0	121.475	110.675	1629.775
11	2187.075	2653.425	0	159.3	102.85	1624.975
12	1984.4	2624.65	0	191.05	100.35	1581.625
13	1931.825	2657.4	0	199.55	100.075	1576.325
14	1975.25	2685.525	0	184.9	102.6	1580.95
15	2023.6	2693.425	0	151.875	104.175	1626.65
16	2096.1	2694	0	118.875	108.85	1642.375
17	2200.125	2692.925	0	77.175	114.675	1692.75
18	2146.65	2656.525	0	34.475	121.525	1658.35
19	2062.925	2641.375	0	6.65	125.65	1634.1
20	2079.775	2599.45	0	0.1	130.025	1602.575
21	2051.925	2580.25	0	0	133.2	1588.85
22	1950.275	2603.175	0	0	132.925	1574.425
23	1841.4	2674.8	0	0	132.9	1568.25
						
30						
0	1513.175	2832.325	0	0	240.875	1681.625
1	1463.1	2806.1	0	0	252.675	1679.2
2	1430.1	2807	0	0	264.875	1678.95
3	1411.725	2807.4	0	0	273.875	1676.2
4	1406.6	2806.625	0	0	278.95	1674.275
5	1424.725	2807.125	0	0	280.15	1674.3
6	1526.925	2806.3	0	0.175	277.625	1673.725
7	1657.25	2809.45	0	3.9	262.425	1693.925
8	1792.225	2878.475	0	14.45	230.675	1730.075
9	1947.4	3050.925	0	28.775	215.7	1796.55
10	2024.525	3094.7	0	42.075	220.025	1832.325
11	2019.45	3081.55	0	54.225	234.15	1829.425
12	1830.1	2923.025	0	66.2	248.325	1732.775
13	1762.45	2917.2	0	72.125	259.275	1722.55
14	1770.5	2991.8	0	67.45	267.9	1721.25
15	1825.1	3095.625	0	56.725	276.075	1770.35
16	1913.375	3107.4	0	43.95	281.45	1811.575
17	2020.3	3104.25	0	30.15	286.35	1850.1
18	1965.05	3067.9	0	14.175	290.9	1799.5
19	1894.575	3058	0	2.975	296.75	1753.25
20	1904.325	3023.175	0	0.075	316.825	1750.8
21	1850.45	2988.25	0	0	334.375	1742.15
22	1731.025	2945.2	0	0	343.3	1715
23	1591.275	2902.475	0	0	352.675	1702.75
						
34						
0	1449.45	1837	0	0	80.325	1422.975
1	1396.575	1753.25	0	0	62.675	1348.25
2	1357.1	1689.5	0	0	48.775	1327.8
3	1331.2	1633.25	0	0	37.4	1306.975
4	1318.375	1622	0	0	29.05	1296.975
5	1336.6	1622	0	0	24.3	1317.875
6	1427.025	1622	0	0.075	21.775	1353.825
7	1546.425	1622	0	4.675	20.175	1418.45
8	1659.725	1913.25	0	21.25	17.925	1544.975
9	1786.6	2312	0	47.3	15.525	1669.575
10	1869.525	2397	0	73.3	14.55	1669.625
11	1879.6	2359.5	0	99.225	14.825	1661.15
12	1690.2	2159.5	0	117.35	16.875	1587.775
13	1631.1	2147	0	126.05	20.85	1593.7
14	1651.45	2322	0	116.35	26.6	1665.15
15	1702.875	2397	0	97.425	32.325	1687.75
16	1779.425	2397	0	74.825	39.75	1690.275
17	1882	2397	0	44.75	50.3	1691.325
18	1856.275	2384.5	0	18.25	62.625	1683.025
19	1792.3	2329.5	0	2.775	77.925	1643.075
20	1811.9	2255.75	0	0.025	93.925	1610.325
21	1756.55	2182	0	0	100.925	1595.275
22	1653.25	2102	0	0	99.3	1568.8
23	1545.05	2044.5	0	0	90.7	1554.625
						
39						
0	1334.7	2433.925	0	0	117.675	1615.675
1	1281.825	2332.675	0	0	113.025	1557.3
2	1248.75	2236.65	0	0	110.5	1476.6
3	1227.85	2174.775	0	0	109.075	1391.1
4	1215.6	2150.45	0	0	109.325	1353.875
5	1225.85	2134.85	0	0	109.65	1359.125
6	1337.525	2134.375	0	0.025	108.675	1447
7	1485.55	2133.325	0	5.5	105.025	1561
8	1607.6	2376.475	0	28.2	96.5	1673.925
9	1727.075	2671.275	0	65.05	85.3	1732.7
10	1805.4	2668.175	0	102.25	77.25	1737.175
11	1820.625	2635.1	0	133.7	69.5	1720.35
12	1626.825	2331.075	0	155.175	63.3	1634.2
13	1545.825	2433.275	0	167.1	60.025	1640.575
14	1564.775	2679.8	0	157.175	59.225	1701.05
15	1608.25	2682.2	0	127.075	58.9	1715.2
16	1697.325	2682.25	0	97.45	60.575	1725.775
17	1815.7	2676.525	0	55.375	64.15	1742.225
18	1788.075	2655.75	0	20.775	70.05	1722.25
19	1778	2644.325	0	3.225	77.775	1700.075
20	1713.65	2598.525	0	0.025	82.5	1665.75
21	1630.2	2537.925	0	0	83.325	1655.525
22	1523.675	2468.725	0	0	81.3	1640.1
23	1418.6	2393.25	0	0	77.65	1622.75
						
						
43						
0	1408.525	1371.225	0	0	165.3	968.95
1	1360.75	1236.1	0	0	151.775	815.675
2	1329.725	1131.1	0	0	139.725	714.875
3	1306.6	1019.95	0	0	128.85	685.9
4	1302.975	991.55	0	0	117.7	685.375
5	1330.6	991.875	0	0	106.325	684.825
6	1443.55	991.675	0	0.025	95.875	694.225
7	1607.3	1007.775	0	4.5	86.075	804.575
8	1761.2	1501.55	0	31.575	72.975	1070.6
9	1882.2	2099	0	80.05	62.075	1206.9
10	1950.225	2127.75	0	124.9	55.925	1205.8
11	1949.125	2070.95	0	159.525	55.475	1184.5
12	1736.875	1595.15	0	184.5	59.575	1036.075
13	1662.4	1533.4	0	192.425	67.45	976.025
14	1684.425	2004.05	0	175.825	79.2	1120.1
15	1722.275	2072.425	0	148.425	92.7	1191.4
16	1812.3	2073.1	0	105.325	107.6	1275.5
17	1950.375	2072.8	0	57	127.5	1297.8
18	1932.525	2069.975	0	15.2	154.025	1292.7
19	1912.2	2068.325	0	3.35	177.45	1264.05
20	1830.825	2049.375	0	2.275	191.5	1203.925
21	1773.05	1928.525	0	2.375	197.35	1154.425
22	1663.375	1720.2	0	2.125	193.775	1090.4
23	1531.05	1502.9	0	1.5	185.175	971.725
						
47						
0	1571.175	517.425	0	0	269.45	509.95
1	1506.55	468.3	0	0	256.8	494.225
2	1471.425	429.85	0	0	248.575	485.3
3	1453.475	408.475	0	0	239.1	486.375
4	1442.775	404.65	0	0	229.825	486.025
5	1465.35	404.775	0	0	224.675	491.275
6	1576.275	404.75	0	0.1	223.7	504.475
7	1740.8	439.425	0	3.925	224.25	603.375
8	1913.425	942.2	0	22.5	223.375	863.7
9	2058.725	1232.4	0	59.225	211.625	973.025
10	2126.325	1221.6	0	96.5	206.025	985.475
11	2128.175	1147.625	0	132.875	228.5	947.125
12	1925.925	680.55	0	163.675	268.825	716.575
13	1846.975	678.3	0	175.1	313.9	687.75
14	1863.65	1147.8	0	165.525	350.625	794.825
15	1896.1	1235.6	0	139.875	376.625	826.075
16	1997.625	1243.625	0	101.05	389.675	867.9
17	2143.2	1291.25	0	48.225	399.6	930.2
18	2118.775	1283.775	0	15.725	418.55	950.375
19	2092.7	1272.575	0	1.625	431.375	954.25
20	2037.575	1226.825	0	0	432.025	907.9
21	1973.05	1133.825	0	0	430.35	836.7
22	1827.6	901.55	0	0	428.975	731.125
23	1690.9	654.075	0	0	427.85	641.775
						
52						
0	1661.4	661.7	0	0	369.075	461.075
1	1578.875	589.8	0	0	316.525	455.975
2	1529.775	552.275	0	0	269.85	455.325
3	1500.9	544.55	0	0	232.525	457.025
4	1490.85	544.225	0	0	207	456.825
5	1516.35	544	0	0	194.45	472.425
6	1631.8	544	0	0.1	184.6	554.7
7	1808.4	543.975	0	3.275	176.525	604.8
8	2010.95	932.025	0	24.5	164.6	749.275
9	2181	1236.45	0	77.55	143.2	857.1
10	2234.6	1239.575	0	133.9	116.925	883.6
11	2221.275	1178.65	0	171.525	112.875	876.65
12	1994.1	799.425	0	192.25	125.55	646.45
13	1909.075	793.775	0	190.05	154.1	581.925
14	1917.325	1172.45	0	184.45	191.775	645.4
15	1945.875	1246.925	0	163.65	227.45	678.775
16	2049.525	1293.25	0	117.95	256.375	756.375
17	2192.925	1340.45	0	53.35	275.225	876.325
18	2203.825	1331.125	0	10.525	296.25	874.275
19	2203.35	1315.8	0	1.2	315.075	878.225
20	2179.775	1186.175	0	0.025	314.5	827.325
21	2128.125	990.35	0	0	306.175	744.725
22	1976	892.525	0	0	293.225	595.775
23	1803.675	822.225	0	0	276.15	532.25
