0		221 	221 	221 	221 	203 	203 	203 	203 	224 	224 	224 	224 	224 	332 	332 	332 	332 	539 	539 	539 	539 	1500 	1500 	1500 	1500 	1500 	1150 	1150 	1150 	1150 	1040 	1040 	1040 	1040 	702 	702 	702 	702 	702 	551 	551 	551 	551 	345 	345 	345 	345 	218 	218 	218 	218 	218 
1		267 	267 	267 	267 	246 	246 	246 	246 	276 	276 	276 	276 	276 	419 	419 	419 	419 	645 	645 	645 	645 	1660 	1660 	1660 	1660 	1660 	1360 	1360 	1360 	1360 	1310 	1310 	1310 	1310 	847 	847 	847 	847 	847 	725 	725 	725 	725 	443 	443 	443 	443 	277 	277 	277 	277 	277 
2		457 	457 	457 	457 	380 	380 	380 	380 	364 	364 	364 	364 	364 	514 	514 	514 	514 	710 	710 	710 	710 	1821 	1821 	1821 	1821 	1821 	1949 	1949 	1949 	1949 	2533 	2533 	2533 	2533 	1583 	1583 	1583 	1583 	1583 	1425 	1425 	1425 	1425 	828 	828 	828 	828 	507 	507 	507 	507 	507 
3		462 	462 	462 	462 	384 	384 	384 	384 	368 	368 	368 	368 	368 	519 	519 	519 	519 	718 	718 	718 	718 	1840 	1840 	1840 	1840 	1840 	1970 	1970 	1970 	1970 	2560 	2560 	2560 	2560 	1600 	1600 	1600 	1600 	1600 	1440 	1440 	1440 	1440 	837 	837 	837 	837 	512 	512 	512 	512 	512 
4		535 	535 	535 	535 	434 	434 	434 	434 	401 	401 	401 	401 	401 	540 	540 	540 	540 	755 	755 	755 	755 	1950 	1950 	1950 	1950 	1950 	2310 	2310 	2310 	2310 	3100 	3100 	3100 	3100 	1950 	1950 	1950 	1950 	1950 	1630 	1630 	1630 	1630 	982 	982 	982 	982 	599 	599 	599 	599 	599 
5		590 	590 	590 	590 	490 	490 	490 	490 	470 	470 	470 	470 	470 	663 	663 	663 	663 	917 	917 	917 	917 	2350 	2350 	2350 	2350 	2350 	2516 	2516 	2516 	2516 	3269 	3269 	3269 	3269 	2043 	2043 	2043 	2043 	2043 	1839 	1839 	1839 	1839 	1069 	1069 	1069 	1069 	654 	654 	654 	654 	654 
6		477 	477 	477 	477 	415 	415 	415 	415 	419 	419 	419 	419 	419 	542 	542 	542 	542 	808 	808 	808 	808 	1750 	1750 	1750 	1750 	1750 	2090 	2090 	2090 	2090 	2740 	2740 	2740 	2740 	2300 	2300 	2300 	2300 	2300 	1390 	1390 	1390 	1390 	779 	779 	779 	779 	476 	476 	476 	476 	476 
7		430 	430 	430 	430 	455 	455 	455 	455 	708 	708 	708 	708 	708 	685 	685 	685 	685 	1415 	1415 	1415 	1415 	1685 	1685 	1685 	1685 	1685 	3965 	3965 	3965 	3965 	1895 	1895 	1895 	1895 	2105 	2105 	2105 	2105 	2105 	1325 	1325 	1325 	1325 	695 	695 	695 	695 	505 	505 	505 	505 	505 
8		480 	480 	480 	480 	505 	505 	505 	505 	763 	763 	763 	763 	763 	719 	719 	719 	719 	1452 	1452 	1452 	1452 	1770 	1770 	1770 	1770 	1770 	4116 	4116 	4116 	4116 	2076 	2076 	2076 	2076 	2232 	2232 	2232 	2232 	2232 	1488 	1488 	1488 	1488 	750 	750 	750 	750 	537 	537 	537 	537 	537 
9		1357 	1357 	1357 	1357 	1130 	1130 	1130 	1130 	1061 	1061 	1061 	1061 	1061 	1169 	1169 	1169 	1169 	1766 	1766 	1766 	1766 	4431 	4431 	4431 	4431 	4431 	6655 	6655 	6655 	6655 	8222 	8222 	8222 	8222 	6395 	6395 	6395 	6395 	6395 	4945 	4945 	4945 	4945 	2680 	2680 	2680 	2680 	1571 	1571 	1571 	1571 	1571 
10		1438 	1438 	1438 	1438 	1197 	1197 	1197 	1197 	1124 	1124 	1124 	1124 	1124 	1238 	1238 	1238 	1238 	1871 	1871 	1871 	1871 	4695 	4695 	4695 	4695 	4695 	7051 	7051 	7051 	7051 	8712 	8712 	8712 	8712 	6776 	6776 	6776 	6776 	6776 	5240 	5240 	5240 	5240 	2839 	2839 	2839 	2839 	1665 	1665 	1665 	1665 	1665 
11		73 	73 	73 	73 	62 	62 	62 	62 	53 	53 	53 	53 	53 	50 	50 	50 	50 	82 	82 	82 	82 	179 	179 	179 	179 	179 	184 	184 	184 	184 	560 	560 	560 	560 	436 	436 	436 	436 	436 	225 	225 	225 	225 	144 	144 	144 	144 	97 	97 	97 	97 	97 
12		1716 	1716 	1716 	1716 	1435 	1435 	1435 	1435 	1256 	1256 	1256 	1256 	1256 	1377 	1377 	1377 	1377 	2062 	2062 	2062 	2062 	5249 	5249 	5249 	5249 	5249 	7311 	7311 	7311 	7311 	9870 	9870 	9870 	9870 	7806 	7806 	7806 	7806 	7806 	6085 	6085 	6085 	6085 	3417 	3417 	3417 	3417 	2057 	2057 	2057 	2057 	2057 
13		1826 	1826 	1826 	1826 	1545 	1545 	1545 	1545 	1366 	1366 	1366 	1366 	1366 	1487 	1487 	1487 	1487 	2172 	2172 	2172 	2172 	5376 	5376 	5376 	5376 	5376 	7444 	7444 	7444 	7444 	10033 	10033 	10033 	10033 	7943 	7943 	7943 	7943 	7943 	6215 	6215 	6215 	6215 	3534 	3534 	3534 	3534 	2167 	2167 	2167 	2167 	2167 
14		68 	68 	68 	68 	47 	47 	47 	47 	32 	32 	32 	32 	32 	28 	28 	28 	28 	52 	52 	52 	52 	160 	160 	160 	160 	160 	329 	329 	329 	329 	613 	613 	613 	613 	302 	302 	302 	302 	302 	172 	172 	172 	172 	107 	107 	107 	107 	64 	64 	64 	64 	64 
15		107 	107 	107 	107 	73 	73 	73 	73 	64 	64 	64 	64 	64 	66 	66 	66 	66 	127 	127 	127 	127 	250 	250 	250 	250 	250 	515 	515 	515 	515 	960 	960 	960 	960 	473 	473 	473 	473 	473 	269 	269 	269 	269 	111 	111 	111 	111 	78 	78 	78 	78 	78 
16		156 	156 	156 	156 	102 	102 	102 	102 	83 	83 	83 	83 	83 	81 	81 	81 	81 	150 	150 	150 	150 	358 	358 	358 	358 	358 	836 	836 	836 	836 	1583 	1583 	1583 	1583 	771 	771 	771 	771 	771 	419 	419 	419 	419 	196 	196 	196 	196 	132 	132 	132 	132 	132 
17		20 	20 	20 	20 	28 	28 	28 	28 	31 	31 	31 	31 	31 	64 	64 	64 	64 	203 	203 	203 	203 	249 	249 	249 	249 	249 	341 	341 	341 	341 	248 	248 	248 	248 	181 	181 	181 	181 	181 	111 	111 	111 	111 	82 	82 	82 	82 	23 	23 	23 	23 	23 
18		395 	395 	395 	395 	278 	278 	278 	278 	227 	227 	227 	227 	227 	253 	253 	253 	253 	589 	589 	589 	589 	1139 	1139 	1139 	1139 	1139 	2306 	2306 	2306 	2306 	3990 	3990 	3990 	3990 	1984 	1984 	1984 	1984 	1984 	1104 	1104 	1104 	1104 	547 	547 	547 	547 	338 	338 	338 	338 	338 
19		34 	34 	34 	34 	32 	32 	32 	32 	52 	52 	52 	52 	52 	32 	32 	32 	32 	114 	114 	114 	114 	182 	182 	182 	182 	182 	244 	244 	244 	244 	112 	112 	112 	112 	124 	124 	124 	124 	124 	102 	102 	102 	102 	56 	56 	56 	56 	35 	35 	35 	35 	35 
20		49 	49 	49 	49 	43 	43 	43 	43 	33 	33 	33 	33 	33 	33 	33 	33 	33 	44 	44 	44 	44 	120 	120 	120 	120 	120 	237 	237 	237 	237 	494 	494 	494 	494 	323 	323 	323 	323 	323 	174 	174 	174 	174 	112 	112 	112 	112 	78 	78 	78 	78 	78 
21		22 	22 	22 	22 	18 	18 	18 	18 	15 	15 	15 	15 	15 	20 	20 	20 	20 	21 	21 	21 	21 	122 	122 	122 	122 	122 	126 	126 	126 	126 	165 	165 	165 	165 	97 	97 	97 	97 	97 	89 	89 	89 	89 	49 	49 	49 	49 	31 	31 	31 	31 	31 
22		123 	123 	123 	123 	97 	97 	97 	97 	66 	66 	66 	66 	66 	71 	71 	71 	71 	70 	70 	70 	70 	414 	414 	414 	414 	414 	528 	528 	528 	528 	691 	691 	691 	691 	461 	461 	461 	461 	461 	422 	422 	422 	422 	219 	219 	219 	219 	165 	165 	165 	165 	165 
23		79 	79 	79 	79 	70 	70 	70 	70 	46 	46 	46 	46 	46 	47 	47 	47 	47 	42 	42 	42 	42 	286 	286 	286 	286 	286 	512 	512 	512 	512 	560 	560 	560 	560 	362 	362 	362 	362 	362 	343 	343 	343 	343 	182 	182 	182 	182 	105 	105 	105 	105 	105 
24		162 	162 	162 	162 	131 	131 	131 	131 	104 	104 	104 	104 	104 	95 	95 	95 	95 	113 	113 	113 	113 	295 	295 	295 	295 	295 	440 	440 	440 	440 	1323 	1323 	1323 	1323 	888 	888 	888 	888 	888 	448 	448 	448 	448 	325 	325 	325 	325 	216 	216 	216 	216 	216 
25		337 	337 	337 	337 	271 	271 	271 	271 	217 	217 	217 	217 	217 	198 	198 	198 	198 	224 	224 	224 	224 	590 	590 	590 	590 	590 	880 	880 	880 	880 	2646 	2646 	2646 	2646 	1776 	1776 	1776 	1776 	1776 	896 	896 	896 	896 	650 	650 	650 	650 	432 	432 	432 	432 	432 
